1734 [0317]
624 [0387]
562 [0397]
546 [0473]
526 [0390]
492 [0025]
463 [0448]
426 [0389]
401 [0038]
386 [0190]
380 [0248]
366 [0298]
349 [0060]
335 [0563]
317 [0096]
287 [0481]
286 [0576]
279 [0317 0448]
276 [0474]
259 [0338]
236 [0118]
228 [0425]
220 [0003]
215 [0488]
214 [0441]
214 [0190 0397]
204 [0339]
203 [0105]
203 [0194]
195 [0442]
193 [0617]
183 [0745]
180 [0590]
174 [0093]
173 [0317 0563]
171 [0487]
165 [0034]
154 [0149]
152 [0497]
151 [0174]
150 [0621]
149 [0195]
148 [0764]
145 [0416]
143 [0084]
142 [0028]
133 [0078]
133 [0447]
133 [0591]
133 [0934]
129 [0181]
129 [0317 0473]
125 [0499]
123 [1835]
122 [0116]
121 [0893]
120 [0060 0317]
118 [0457]
118 [0317 0390]
117 [0009]
116 [1832]
115 [0892]
114 [0415]
114 [0245]
113 [0234]
112 [0439]
111 [0495]
111 [0298 1832]
109 [0317 0389]
105 [0025 0317]
104 [0573]
102 [0038 0317]
101 [0374]
98 [0424]
97 [0458]
97 [1815]
96 [0627]
96 [1102]
96 [1201]
93 [0188]
