1052 [0067]
1011 [0060]
990 [0025]
806 [0084]
542 [0418]
497 [0105]
451 [0397]
436 [0177]
366 [0088]
364 [0036]
358 [0374]
355 [0190]
346 [0479]
341 [0362]
337 [0000]
332 [0481]
328 [0387]
323 [0026]
282 [0298]
275 [0188]
273 [0066]
212 [0122]
206 [0610]
205 [0018]
203 [0234]
193 [0330]
193 [0987]
177 [0626]
176 [0718]
175 [0011]
166 [0025 0067]
163 [0211]
158 [0500]
154 [0627]
153 [0174]
153 [0284]
152 [0093]
152 [0149]
145 [0625]
144 [0827]
142 [0453]
141 [0323]
141 [0190 0397]
139 [0909]
138 [0524]
131 [0060 0067]
124 [0001]
123 [0340]
122 [0191]
122 [1219]
122 [0532]
121 [0982]
120 [0245]
119 [1076]
117 [0027]
117 [0416]
115 [0424]
114 [0686]
114 [0767]
113 [0286]
110 [0183]
108 [0462]
107 [0339]
106 [0325]
105 [0996]
104 [0784]
104 [1163]
103 [0490]
102 [0025 0397]
101 [0040]
99 [0559]
98 [0478]
97 [0084 0387]
