1864 [0390]
1528 [0006]
1345 [0382]
643 [0025]
616 [0181]
603 [0225]
516 [0018]
501 [0382 0390]
486 [0248]
484 [0723]
463 [0060]
446 [0067]
420 [0234]
347 [0323]
336 [0407]
322 [0473]
298 [0374]
294 [0479]
291 [0288]
277 [0439]
272 [0003]
270 [0526]
269 [0083]
253 [0164]
249 [0149]
241 [0543]
239 [0225 0407]
227 [0422]
227 [0838]
225 [0436]
219 [0180]
203 [0382 0723]
194 [0376]
187 [0797]
184 [0425]
182 [0678]
176 [0967]
174 [0038]
172 [0026]
171 [0181 0390]
164 [0225 0382]
161 [0174]
160 [0382 0407]
159 [0661]
156 [0559]
155 [0045]
155 [0880]
154 [1261]
151 [1201]
149 [0088]
149 [0453]
147 [0187]
146 [0326]
146 [0492]
146 [0164 0436]
145 [0021]
142 [1259]
141 [1836]
139 [0325]
137 [0496]
137 [0006 0326]
135 [0134]
134 [0390 0425]
132 [0323 0439]
131 [0136]
128 [0394]
127 [0382 0422]
126 [0006 0025]
125 [0721]
125 [0272]
125 [0006 0390]
123 [0525]
123 [0288 0436]
123 [0225 0382 0407]
122 [0025 0390]
121 [0496 1836]
119 [0881]
119 [0006 0288]
117 [0164 0288]
117 [0067 0390]
115 [0164 0288 0436]
109 [0946]
107 [0190]
105 [0678 0967]
104 [0390 0526]
103 [0548]
101 [0099]
