482 [0038 0105]
374 [0026]
354 [0234]
351 [0122]
261 [0554]
241 [0282]
239 [0317]
236 [0038 0066]
231 [0084]
228 [0255]
217 [0105 0253]
214 [0716]
199 [0038 0548]
199 [0007]
199 [0276]
196 [0152]
195 [0105 0390]
194 [0082]
181 [0028 0255]
179 [0158]
174 [0448]
173 [0253 0390]
172 [0038 0400]
172 [0129 0390]
165 [0036]
162 [0258]
160 [1044]
159 [0447]
157 [0038 0066 0400]
155 [0757]
154 [0353]
149 [0092]
149 [0547]
148 [0105 0190]
146 [0225]
143 [0105 0441]
142 [0338]
142 [0294]
141 [0027]
141 [0150]
141 [0559]
136 [0389]
135 [0537]
134 [0137]
133 [0443]
130 [0164]
129 [0038 0253]
128 [0509]
124 [0031]
122 [0858]
121 [0651]
121 [0038 0441]
120 [0108]
118 [1744]
116 [0029]
116 [0088]
111 [1048]
110 [0038 0359]
110 [0025 0105]
110 [0211]
107 [0472]
105 [0066 0105]
104 [0442]
101 [0233]
101 [0676]
101 [0397]
100 [0368]
100 [0487]
99 [0206]
98 [0105 0196]
98 [1889]
98 [0105 0129]
