527 [0458]
436 [0006]
389 [0098]
382 [0031]
341 [0137]
302 [0067]
283 [0832]
267 [0755]
264 [0060]
256 [0088]
250 [0152]
247 [0138]
245 [0752]
239 [0233]
230 [0117]
192 [0093]
189 [0098 0118]
174 [1263]
173 [0298]
171 [0299]
168 [0045]
166 [1119]
163 [0056]
162 [0374]
156 [0122]
149 [0205]
146 [0757]
144 [0134]
142 [0043]
138 [0797]
137 [0473]
133 [0387]
129 [0706]
127 [0748]
126 [0051]
124 [0942]
123 [0526]
122 [0501]
122 [0003]
112 [0973]
110 [1650]
107 [0248 0832]
107 [1129]
106 [0435]
103 [0027]
102 [1050]
101 [0237]
101 [0731]
101 [0007]
99 [2478]
98 [0009]
98 [0656]
95 [0792]
94 [1201]
93 [0745]
89 [0619]
