0.6421 [0458]
0.4262 [0118]
0.8858 [0098]
0.1692 [0248]
0.5190 [0031]
0.7826 [0832]
0.8858 [0117]
0.7129 [0755]
0.4464 [0137]
0.8858 [0098 0118]
0.4467 [0138]
0.4302 [0752]
0.4160 [0233]
0.8858 [0706]
0.5344 [1263]
0.0895 [0152]
0.4795 [1119]
0.4176 [0299]
0.8342 [1650]
0.5665 [0043]
0.8858 [1050]
0.4016 [0056]
0.8071 [0248 0832]
0.2803 [0205]
0.6699 [2478]
0.4138 [0942]
0.3793 [0051]
-0.0449 [0093]
-0.3493 [0088]
0.3203 [0748]
0.4635 [1129]
0.5129 [0237]
-0.0199 [0045]
0.3445 [0973]
0.2319 [0501]
-0.0310 [0134]
0.4427 [0619]
0.2974 [0731]
0.2431 [0435]
0.2805 [0656]
-0.1192 [0757]
-1.2482 [0006]
0.2753 [0792]
-0.3126 [0797]
-1.2331 [0067]
-0.7537 [0298]
-0.2476 [0009]
-0.7510 [0374]
-0.3197 [0027]
-0.7759 [0122]
-1.3404 [0060]
-0.4588 [1201]
-0.7527 [0526]
-0.7681 [0003]
-0.6460 [0007]
-0.6835 [0745]
-1.4319 [0473]
-1.6230 [0387]
