0.5207 [0038]
0.4683 [0105]
0.7912 [0253]
0.7315 [0038 0105]
0.7417 [0359]
0.4681 [0028]
0.7912 [0400]
0.7912 [0129]
0.5665 [0548]
0.2776 [0066]
0.7912 [0554]
0.7912 [0066 0400]
0.7912 [0038 0066]
0.7912 [0255]
0.7912 [0105 0253]
-0.0378 [0190]
0.1585 [0441]
0.6019 [0282]
0.7039 [0716]
0.7172 [0038 0548]
0.1469 [0122]
0.7912 [0028 0255]
0.6811 [0105 0390]
0.7912 [0253 0390]
0.7912 [0038 0400]
0.7912 [0129 0390]
0.7425 [0158]
-0.0696 [0026]
0.7912 [0038 0066 0400]
-0.8624 [0390]
0.7912 [0038 0253]
0.3678 [0082]
0.5727 [0353]
-0.2604 [0234]
0.7912 [0858]
0.5757 [0547]
0.2835 [0276]
0.6128 [0105 0441]
0.7912 [1744]
0.4989 [0105 0190]
0.1990 [0007]
0.7912 [0038 0359]
0.7912 [0472]
0.4257 [0092]
0.7614 [0066 0105]
0.3237 [0258]
0.7912 [0105 0129]
0.5162 [0509]
0.5380 [0651]
0.5662 [0029]
0.3490 [0294]
0.3946 [0537]
0.5013 [0038 0441]
0.6766 [0206]
0.1647 [1044]
0.6021 [0368]
0.5125 [0105 0196]
0.1352 [0150]
0.2573 [0108]
0.1714 [0196]
0.4277 [1889]
0.1157 [0443]
-0.0753 [0447]
-0.9893 [0025]
0.2297 [1048]
-0.0431 [0027]
-0.3950 [0152]
-0.1663 [0757]
-0.2066 [0559]
0.0669 [0676]
-0.0483 [0025 0105]
-0.6961 [0338]
-0.8522 [0036]
-0.4828 [0211]
-0.6907 [0164]
-1.3379 [0084]
-1.0706 [0448]
-0.6366 [0487]
-0.7219 [0442]
-1.0345 [0137]
-1.2453 [0389]
-0.9600 [0233]
-1.2376 [0031]
-1.2263 [0088]
-1.4909 [0225]
-2.2437 [0317]
-1.9130 [0397]
