0.6945 [0317]
0.2864 [0387]
0.4205 [0448]
0.4810 [0389]
0.2283 [0473]
0.8316 [0576]
0.0458 [0397]
0.5578 [0563]
0.7195 [0317 0448]
0.5525 [0096]
0.6809 [0474]
0.8316 [0617]
0.8316 [0590]
0.8316 [0317 0563]
0.0717 [0298]
0.8316 [0497]
0.2501 [0338]
0.4152 [0488]
0.8316 [0934]
0.8316 [0317 0473]
0.3762 [0194]
0.5832 [0034]
0.6570 [0621]
0.7661 [0591]
-0.2999 [0190]
0.8316 [0893]
0.8316 [0060 0317]
0.2875 [0339]
0.8316 [0892]
0.2641 [0442]
0.1656 [0190 0397]
0.8288 [0317 0389]
-0.6950 [0025]
0.7255 [0457]
0.4906 [0764]
0.0434 [0425]
0.6866 [0317 0390]
0.2387 [0745]
-0.2131 [0481]
0.4360 [0195]
0.2165 [0487]
0.6643 [0025 0317]
0.4482 [1835]
-0.6861 [0248]
0.6501 [1815]
0.3795 [0499]
-0.2641 [0003]
0.1514 [0078]
0.0423 [0416]
0.1827 [0116]
-1.2868 [0390]
-0.2412 [0093]
0.1646 [0415]
0.3221 [1102]
0.2387 [0573]
-0.1499 [0174]
0.0464 [1832]
-1.0665 [0060]
0.0714 [0495]
-0.5945 [0441]
0.0536 [0298 1832]
0.1269 [0038 0317]
-0.0463 [0009]
-0.2538 [0447]
-0.1417 [0245]
-0.4908 [0149]
-1.0424 [0118]
-1.6177 [0038]
-0.2242 [0424]
-0.4663 [1201]
-0.4850 [0627]
-0.8992 [0439]
-1.3958 [0028]
-1.0886 [0188]
-1.3408 [0234]
-1.2883 [0374]
-1.6328 [0181]
-1.8346 [0084]
-2.3869 [0105]
-1.8539 [0458]
