0.3483 [0067]
0.3143 [0060]
0.4809 [0084]
0.7580 [0418]
0.1362 [0025]
0.7149 [0177]
0.6731 [0362]
0.6754 [0000]
0.3052 [0036]
0.8068 [0987]
0.7918 [0330]
0.4124 [0188]
0.8140 [0626]
0.8140 [0718]
0.0490 [0088]
0.6062 [0610]
-0.0155 [0374]
-0.0291 [0479]
0.8140 [0625]
0.7186 [0500]
-0.3348 [0397]
0.8140 [0524]
-0.0661 [0481]
0.7062 [0827]
0.3887 [0011]
0.8140 [0686]
0.7249 [0001]
0.7418 [1076]
-0.2651 [0026]
0.6984 [0532]
0.8140 [0462]
0.3753 [0025 0067]
-0.4049 [0190]
0.5341 [0060 0067]
0.5934 [0982]
0.7132 [0996]
0.3922 [0909]
0.2827 [0284]
-0.3677 [0298]
0.4491 [0191]
0.4914 [0767]
0.1005 [0211]
0.1336 [0627]
0.3490 [1219]
0.3767 [0286]
-0.7046 [0387]
0.4862 [0478]
0.2330 [0340]
0.3648 [0490]
0.3532 [0784]
0.2956 [0025 0397]
0.3240 [0084 0387]
-1.3335 [0105]
-0.1790 [0174]
-0.8110 [0066]
-0.5646 [0122]
-0.1769 [0453]
0.0560 [0183]
0.0735 [0040]
-0.0566 [0424]
-0.3643 [0093]
-0.1308 [0245]
-0.0173 [1163]
-0.7595 [0234]
-0.5413 [0149]
-0.2964 [0027]
-0.4995 [0190 0397]
-0.3304 [0416]
-0.9562 [0018]
-0.3505 [0325]
-0.5068 [0559]
-0.9330 [0323]
-0.7067 [0339]
