0.7739 [0382]
0.3349 [0390]
0.4118 [0006]
0.7739 [0382 0390]
0.5278 [0181]
0.5394 [0225]
0.6282 [0723]
0.7739 [0407]
0.3438 [0018]
0.7739 [0225 0407]
0.7739 [0422]
0.7739 [0436]
0.3344 [0323]
0.5096 [0288]
0.6756 [0543]
0.7739 [0382 0723]
0.4384 [0083]
-0.0297 [0234]
0.7739 [0678]
-0.5182 [0025]
0.7739 [0967]
0.3122 [0439]
0.5032 [0838]
0.7605 [0181 0390]
0.7739 [0225 0382]
0.4841 [0180]
0.7739 [0382 0407]
0.2324 [0526]
0.7739 [0880]
0.2540 [0164]
0.7739 [0164 0436]
0.4595 [0376]
0.7739 [1836]
0.6311 [0661]
0.7739 [0496]
0.6980 [0187]
0.7187 [1259]
-0.5228 [0248]
0.1074 [0149]
0.7739 [0382 0422]
0.7739 [0006 0025]
0.7739 [0006 0390]
0.7739 [0288 0436]
0.7739 [0225 0382 0407]
0.7009 [0323 0439]
0.7739 [0496 1836]
-0.0530 [0003]
0.7739 [0164 0288]
0.7739 [0164 0288 0436]
0.5081 [0492]
0.6915 [0006 0288]
0.6744 [0067 0390]
0.7739 [0678 0967]
0.4441 [0021]
0.7739 [0390 0526]
0.6094 [0881]
-0.2959 [0479]
-0.3120 [0374]
0.3472 [1261]
0.4604 [0136]
-0.8443 [0060]
0.4097 [0394]
0.4567 [0025 0390]
0.4178 [0721]
-0.0235 [0797]
-0.9215 [0067]
0.5534 [0099]
0.3219 [0272]
-0.6286 [0473]
0.1564 [0326]
0.1925 [0006 0326]
0.0757 [1201]
0.1402 [0390 0425]
-0.0767 [0559]
0.1323 [0525]
0.0087 [0325]
-0.1524 [0174]
-0.1393 [0453]
-0.3609 [0425]
0.1528 [0946]
-0.2853 [0045]
-0.2734 [0134]
-0.8142 [0026]
-0.9629 [0088]
-1.5540 [0548]
-1.6255 [0190]
-2.6985 [0038]
